Layer: backbone.0.weight
Shape: torch.Size([128, 24])
Values:
[[-0.13700366  0.0668692   0.03688236 ...  0.16494772 -0.02084276
  -0.16670288]
 [ 0.04478419  0.09177776  0.05299672 ...  0.01547937 -0.04533152
  -0.16464153]
 [ 0.17444298  0.1154702  -0.07936428 ...  0.0148809   0.10996669
  -0.16337152]
 ...
 [-0.00783794  0.14831765 -0.14494924 ...  0.02214221 -0.19763304
   0.03438757]
 [-0.11974957  0.17833135  0.13646145 ... -0.20560998  0.16840354
   0.02033563]
 [ 0.21294136  0.02891092 -0.0699283  ... -0.00047045 -0.07130771
  -0.04916144]]

Layer: backbone.0.bias
Shape: torch.Size([128])
Values:
[-0.10691822  0.02052818  0.11654306 -0.12696832 -0.19115588 -0.1251073
  0.11034095  0.09092082 -0.07780682 -0.00723215 -0.1717742   0.11857515
  0.1956529   0.1286147  -0.02434557  0.1582924  -0.12064619  0.1503627
  0.03710009  0.023207   -0.14414118  0.05549867  0.07339664 -0.15990119
 -0.20653701 -0.13157453 -0.05124412 -0.1751217  -0.09287883  0.19210786
 -0.09636159  0.11333184  0.0548343   0.05081558  0.06364041 -0.19831884
 -0.16277942 -0.0881665  -0.1859141  -0.19728118 -0.04725965  0.09713366
  0.03667243  0.02069781 -0.0710092  -0.10590827 -0.01575475  0.16860186
 -0.03745052  0.17701094 -0.06160392  0.16165692 -0.20202711 -0.08573556
 -0.08171558  0.11170895  0.0737771   0.05609423 -0.0832538  -0.18164653
 -0.06216212 -0.17587271 -0.01473458  0.03989483  0.05040909 -0.00597702
  0.17780308  0.16339606 -0.09286503  0.049994   -0.00135843  0.08203527
 -0.15038435  0.14471269  0.17754972 -0.0027626  -0.13134749  0.0769966
 -0.15967372  0.08493323  0.05385413 -0.00621498  0.01210553  0.03501812
  0.2160687   0.1709647   0.10886044 -0.1218878  -0.1240091   0.09795617
 -0.1569573   0.05014118 -0.08824719 -0.03590894 -0.02325012  0.01009226
  0.08698653 -0.09196119 -0.18552592 -0.09370451  0.0425966   0.18189609
 -0.18258955  0.1099672   0.0193293   0.08343226 -0.09000339  0.12858571
 -0.11578099 -0.04498417  0.18649903  0.11755203  0.16688503  0.14721796
  0.15573415 -0.14311355 -0.07496737  0.00074174 -0.1808667   0.10595867
 -0.00133106  0.11133188 -0.16826387  0.08565485 -0.06586633  0.15472664
 -0.10867456  0.01701914]

Layer: backbone.3.weight
Shape: torch.Size([64, 128])
Values:
[[ 0.06121294  0.08648253  0.0671875  ... -0.07086203 -0.07038052
  -0.06408947]
 [-0.04770285 -0.05402513 -0.06487298 ...  0.05732218 -0.09076498
  -0.05138777]
 [ 0.05322412  0.08632374 -0.06717674 ...  0.00417577  0.03710325
   0.08010754]
 ...
 [ 0.03360672  0.00062034  0.05542508 ... -0.01577753  0.01695214
  -0.02579409]
 [-0.08855562  0.01716154  0.05248596 ... -0.02812946  0.007495
   0.05468582]
 [-0.05631615  0.08228371  0.00596061 ... -0.02136669 -0.05131403
   0.06163814]]

Layer: backbone.3.bias
Shape: torch.Size([64])
Values:
[-0.00021522 -0.0436525  -0.05955528 -0.02323566 -0.00415236  0.02862336
  0.03186872 -0.00991    -0.05054941  0.00840411  0.0216792   0.00904336
 -0.07130211  0.09763007 -0.06818184 -0.07452118  0.00111205  0.01311373
 -0.00522778 -0.02355478 -0.05717622 -0.00416717  0.10638409 -0.03915854
 -0.05578331  0.07510803  0.05998877  0.06960229 -0.03808973 -0.03412232
  0.07949891 -0.04347154 -0.01525286  0.06293122  0.06646375  0.04138689
  0.08686628 -0.00416709 -0.03752476  0.0760854  -0.02100431  0.07462555
  0.06352347 -0.09229964 -0.03063132 -0.04747863 -0.04298195  0.0904853
  0.00656483 -0.06568896  0.01625444 -0.0154783   0.02798632 -0.0313485
  0.00568056 -0.07435594 -0.00224193 -0.01009419  0.05486358  0.06233828
  0.10148174 -0.03071598  0.09230967  0.0891273 ]

Layer: backbone.6.weight
Shape: torch.Size([32, 64])
Values:
[[-0.04427882 -0.09849094 -0.01273664 ...  0.07244157  0.0520297
  -0.08141232]
 [-0.03123745  0.10604213 -0.07771815 ... -0.12084872 -0.02156618
   0.05157463]
 [ 0.11601889  0.00510781 -0.11977592 ...  0.10621779  0.11912887
  -0.06906543]
 ...
 [-0.0588213  -0.09753509  0.09904811 ... -0.10543394 -0.11151402
   0.06319009]
 [-0.10298475  0.05239783  0.03986455 ...  0.12918666  0.08299085
   0.13110368]
 [ 0.12885362 -0.05376264  0.10528677 ... -0.02199405 -0.08440688
   0.0313068 ]]

Layer: backbone.6.bias
Shape: torch.Size([32])
Values:
[ 0.07754862 -0.11833793 -0.08055166  0.04073979  0.0954492   0.10612845
  0.0810493   0.07611689  0.038511    0.04013683  0.09527702 -0.08082756
 -0.05958361  0.01335286 -0.12417445  0.00133005  0.14293946 -0.0739743
 -0.01274039  0.05005915  0.00861903 -0.01083137  0.03994603 -0.03308352
  0.11446548  0.05334592 -0.07692239  0.02132286 -0.14912954 -0.08253172
 -0.07364871  0.05532053]

Layer: head_h1.weight
Shape: torch.Size([1, 32])
Values:
[[ 0.12730576 -0.08233004 -0.02896432 -0.11387281 -0.12886167  0.03819194
  -0.09637978  0.04468831  0.18931212 -0.15682212 -0.04323569 -0.10636869
   0.10051659  0.11086769 -0.11196712  0.20037961  0.19295582  0.16921276
   0.00305567 -0.02876104  0.06222504  0.12512311 -0.0572408   0.03714257
   0.09735575  0.06876826  0.11168993 -0.05596643 -0.06149188  0.13197768
   0.0544473   0.07718714]]

Layer: head_h1.bias
Shape: torch.Size([1])
Values:
[-0.12705177]

Layer: head_h4.weight
Shape: torch.Size([1, 32])
Values:
[[-1.07041524e-04 -1.13375172e-01  1.14885092e-01 -1.51374072e-01
   1.75451219e-01 -4.80079018e-02 -6.49403036e-02  1.29322335e-01
   1.24171458e-01  2.49434286e-03  1.65305853e-01  5.53043298e-02
  -4.80238385e-02  1.27674118e-01 -5.57408445e-02  8.43740627e-03
   7.43225664e-02  5.72486334e-02  1.13837972e-01  1.18095517e-01
  -3.25214937e-02 -1.00348601e-02 -1.36380373e-02 -4.44975011e-02
   1.72866255e-01 -1.33807883e-01 -1.11670166e-01  6.43646643e-02
  -1.25731304e-01 -1.11603871e-01  1.71696484e-01  1.70336172e-01]]

Layer: head_h4.bias
Shape: torch.Size([1])
Values:
[-0.0849572]

